# nurbs mesh v.2.1
#
# 27-Feb-2024
#
2 2 17 28 0 
PATCH 1 
2 1 
3 2 
0.000000000000000   0.000000000000000   0.000000000000000   1.000000000000000   1.000000000000000   1.000000000000000   
0.000000000000000   0.000000000000000   1.000000000000000   1.000000000000000   
0.020500000000000   0.017769649318324   0.015039298636648   0.021531529387007   0.018546427998963   0.015778953310741   
0.035507041555162   0.036824568838174   0.038142096121185   0.037293702862959   0.038434310228382   0.040017980120655   
1.000000000000000   1.000000000000000   1.000000000000000   1.000000000000000   0.997262555105396   1.000000000000000   
PATCH 2 
1 2 
2 3 
0.000000000000000   0.000000000000000   1.000000000000000   1.000000000000000   
0.000000000000000   0.000000000000000   0.000000000000000   1.000000000000000   1.000000000000000   1.000000000000000   
0.015039298636648   0.015778953310741   0.015113573389588   0.015667243272857   0.015187848142528   0.015555408491197   
0.038142096121185   0.040017980120655   0.038649922318319   0.040061851156532   0.039157748515453   0.040105403216919   
1.000000000000000   1.000000000000000   1.000000000000000   0.999996107952525   1.000000000000000   1.000000000000000   
PATCH 3 
2 1 
10 2 
0.000000000000000   0.000000000000000   0.000000000000000   0.125000000000000   0.250000000000000   0.375000000000000   0.500000000000000   0.625000000000000   0.750000000000000   0.875000000000000   1.000000000000000   1.000000000000000   1.000000000000000   
0.000000000000000   0.000000000000000   1.000000000000000   1.000000000000000   
0.015187848142528   0.013289367124712   0.009492405089080   0.005695443053448   0.001898481017816   -0.001898481017816   -0.005695443053448   -0.009492405089080   -0.013289367124712   -0.015187848142528   0.015555408491197   0.013652096903257   0.009849610833328   0.005935747432984   0.001988542542703   -0.001988542542703   -0.005935747432984   -0.009849610833328   -0.013652096903257   -0.015555408491197   
0.039157748515453   0.039157748515453   0.039157748515453   0.039157748515453   0.039157748515453   0.039157748515453   0.039157748515453   0.039157748515453   0.039157748515453   0.039157748515453   0.040105403216919   0.040591527705601   0.041552908875741   0.042105858319297   0.042503884441951   0.042503884441951   0.042105858319297   0.041552908875741   0.040591527705601   0.040105403216919   
1.000000000000000   1.000000000000000   1.000000000000000   1.000000000000000   1.000000000000000   1.000000000000000   1.000000000000000   1.000000000000000   1.000000000000000   1.000000000000000   1.000000000000000   0.991540918200754   0.978852295501886   0.970393213702640   0.966163672803017   0.966163672803017   0.970393213702640   0.978852295501886   0.991540918200754   1.000000000000000   
PATCH 4 
1 2 
2 10 
0.000000000000000   0.000000000000000   1.000000000000000   1.000000000000000   
0.000000000000000   0.000000000000000   0.000000000000000   0.125000000000000   0.250000000000000   0.375000000000000   0.500000000000000   0.625000000000000   0.750000000000000   0.875000000000000   1.000000000000000   1.000000000000000   1.000000000000000   
0.010369099046792   0.015187848142528   0.009072961665943   0.013289367124712   0.006480686904245   0.009492405089080   0.003888412142547   0.005695443053448   0.001296137380849   0.001898481017816   -0.001296137380849   -0.001898481017816   -0.003888412142547   -0.005695443053448   -0.006480686904245   -0.009492405089080   -0.009072961665943   -0.013289367124712   -0.010369099046792   -0.015187848142528   
0.037818597484902   0.039157748515453   0.037818597484902   0.039157748515453   0.037818597484902   0.039157748515453   0.037818597484902   0.039157748515453   0.037818597484902   0.039157748515453   0.037818597484902   0.039157748515453   0.037818597484902   0.039157748515453   0.037818597484902   0.039157748515453   0.037818597484902   0.039157748515453   0.037818597484902   0.039157748515453   
1.000000000000000   1.000000000000000   1.000000000000000   1.000000000000000   1.000000000000000   1.000000000000000   1.000000000000000   1.000000000000000   1.000000000000000   1.000000000000000   1.000000000000000   1.000000000000000   1.000000000000000   1.000000000000000   1.000000000000000   1.000000000000000   1.000000000000000   1.000000000000000   1.000000000000000   1.000000000000000   
PATCH 5 
1 2 
2 3 
0.000000000000000   0.000000000000000   1.000000000000000   1.000000000000000   
0.000000000000000   0.000000000000000   0.000000000000000   1.000000000000000   1.000000000000000   1.000000000000000   
-0.015039298636648   -0.015778953310741   -0.015113573389588   -0.015667243272857   -0.015187848142528   -0.015555408491197   
0.038142096121185   0.040017980120655   0.038649922318319   0.040061851156532   0.039157748515453   0.040105403216919   
1.000000000000000   1.000000000000000   1.000000000000000   0.999996107952525   1.000000000000000   1.000000000000000   
PATCH 6 
2 1 
3 2 
0.000000000000000   0.000000000000000   0.000000000000000   1.000000000000000   1.000000000000000   1.000000000000000   
0.000000000000000   0.000000000000000   1.000000000000000   1.000000000000000   
-0.020500000000000   -0.017769649318324   -0.015039298636648   -0.021531529387007   -0.018546427998963   -0.015778953310741   
0.035507041555162   0.036824568838174   0.038142096121185   0.037293702862959   0.038434310228382   0.040017980120655   
1.000000000000000   1.000000000000000   1.000000000000000   1.000000000000000   0.997262555105396   1.000000000000000   
PATCH 7 
2 1 
3 2 
0.000000000000000   0.000000000000000   0.000000000000000   1.000000000000000   1.000000000000000   1.000000000000000   
0.000000000000000   0.000000000000000   1.000000000000000   1.000000000000000   
0.015039298636648   0.015113573389588   0.015187848142528   0.010369099046792   0.010369099046792   0.010369099046792   
0.038142096121185   0.038649922318319   0.039157748515453   0.034844568576224   0.036331583030563   0.037818597484902   
1.000000000000000   1.000000000000000   1.000000000000000   1.000000000000000   1.000000000000000   1.000000000000000   
PATCH 8 
2 2 
3 10 
0.000000000000000   0.000000000000000   0.000000000000000   1.000000000000000   1.000000000000000   1.000000000000000   
0.000000000000000   0.000000000000000   0.000000000000000   0.125000000000000   0.250000000000000   0.375000000000000   0.500000000000000   0.625000000000000   0.750000000000000   0.875000000000000   1.000000000000000   1.000000000000000   1.000000000000000   
0.010369099046792   0.010369099046792   0.010369099046792   0.009072961665943   0.009072961665943   0.009072961665943   0.006480686904245   0.006480686904245   0.006480686904245   0.003888412142547   0.003888412142547   0.003888412142547   0.001296137380849   0.001296137380849   0.001296137380849   -0.001296137380849   -0.001296137380849   -0.001296137380849   -0.003888412142547   -0.003888412142547   -0.003888412142547   -0.006480686904245   -0.006480686904245   -0.006480686904245   -0.009072961665943   -0.009072961665943   -0.009072961665943   -0.010369099046792   -0.010369099046792   -0.010369099046792   
0.034844568576224   0.036331583030563   0.037818597484902   0.034844568576224   0.036331583030563   0.037818597484902   0.034844568576224   0.036331583030563   0.037818597484902   0.034844568576224   0.036331583030563   0.037818597484902   0.034844568576224   0.036331583030563   0.037818597484902   0.034844568576224   0.036331583030563   0.037818597484902   0.034844568576224   0.036331583030563   0.037818597484902   0.034844568576224   0.036331583030563   0.037818597484902   0.034844568576224   0.036331583030563   0.037818597484902   0.034844568576224   0.036331583030563   0.037818597484902   
1.000000000000000   1.000000000000000   1.000000000000000   1.000000000000000   1.000000000000000   1.000000000000000   1.000000000000000   1.000000000000000   1.000000000000000   1.000000000000000   1.000000000000000   1.000000000000000   1.000000000000000   1.000000000000000   1.000000000000000   1.000000000000000   1.000000000000000   1.000000000000000   1.000000000000000   1.000000000000000   1.000000000000000   1.000000000000000   1.000000000000000   1.000000000000000   1.000000000000000   1.000000000000000   1.000000000000000   1.000000000000000   1.000000000000000   1.000000000000000   
PATCH 9 
1 2 
2 3 
0.000000000000000   0.000000000000000   1.000000000000000   1.000000000000000   
0.000000000000000   0.000000000000000   0.000000000000000   1.000000000000000   1.000000000000000   1.000000000000000   
0.008000000000000   0.020500000000000   0.009184549523396   0.017769649318324   0.010369099046792   0.015039298636648   
0.013856406460551   0.035507041555162   0.024350487518388   0.036824568838174   0.034844568576224   0.038142096121185   
1.000000000000000   1.000000000000000   1.000000000000000   1.000000000000000   1.000000000000000   1.000000000000000   
PATCH 10 
2 2 
3 10 
0.000000000000000   0.000000000000000   0.000000000000000   1.000000000000000   1.000000000000000   1.000000000000000   
0.000000000000000   0.000000000000000   0.000000000000000   0.125000000000000   0.250000000000000   0.375000000000000   0.500000000000000   0.625000000000000   0.750000000000000   0.875000000000000   1.000000000000000   1.000000000000000   1.000000000000000   
0.008000000000000   0.009184549523396   0.010369099046792   0.007000000000000   0.008036480832971   0.009072961665943   0.005000000000000   0.005740343452122   0.006480686904245   0.003000000000000   0.003444206071273   0.003888412142547   0.001000000000000   0.001148068690424   0.001296137380849   -0.001000000000000   -0.001148068690424   -0.001296137380849   -0.003000000000000   -0.003444206071273   -0.003888412142547   -0.005000000000000   -0.005740343452122   -0.006480686904245   -0.007000000000000   -0.008036480832971   -0.009072961665943   -0.008000000000000   -0.009184549523396   -0.010369099046792   
0.013856406460551   0.024350487518388   0.034844568576224   0.014124355652982   0.024484462114603   0.034844568576224   0.014526279441629   0.024685424008927   0.034844568576224   0.014794228634060   0.024819398605142   0.034844568576224   0.014928203230276   0.024886385903250   0.034844568576224   0.014928203230276   0.024886385903250   0.034844568576224   0.014794228634060   0.024819398605142   0.034844568576224   0.014526279441629   0.024685424008927   0.034844568576224   0.014124355652982   0.024484462114603   0.034844568576224   0.013856406460551   0.024350487518388   0.034844568576224   
1.000000000000000   1.000000000000000   1.000000000000000   0.983253175473055   0.991626587736528   1.000000000000000   0.958132938682637   0.979066469341319   1.000000000000000   0.941386114155692   0.970693057077846   1.000000000000000   0.933012701892219   0.966506350946110   1.000000000000000   0.933012701892220   0.966506350946110   1.000000000000000   0.941386114155692   0.970693057077846   1.000000000000000   0.958132938682637   0.979066469341319   1.000000000000000   0.983253175473055   0.991626587736527   1.000000000000000   1.000000000000000   1.000000000000000   1.000000000000000   
PATCH 11 
1 2 
2 3 
0.000000000000000   0.000000000000000   1.000000000000000   1.000000000000000   
0.000000000000000   0.000000000000000   0.000000000000000   1.000000000000000   1.000000000000000   1.000000000000000   
-0.008000000000000   -0.020500000000000   -0.009184549523396   -0.017769649318324   -0.010369099046792   -0.015039298636648   
0.013856406460551   0.035507041555162   0.024350487518388   0.036824568838174   0.034844568576224   0.038142096121185   
1.000000000000000   1.000000000000000   1.000000000000000   1.000000000000000   1.000000000000000   1.000000000000000   
PATCH 12 
2 1 
3 2 
0.000000000000000   0.000000000000000   0.000000000000000   1.000000000000000   1.000000000000000   1.000000000000000   
0.000000000000000   0.000000000000000   1.000000000000000   1.000000000000000   
-0.015039298636648   -0.015113573389588   -0.015187848142528   -0.010369099046792   -0.010369099046792   -0.010369099046792   
0.038142096121185   0.038649922318319   0.039157748515453   0.034844568576224   0.036331583030563   0.037818597484902   
1.000000000000000   1.000000000000000   1.000000000000000   1.000000000000000   1.000000000000000   1.000000000000000   
PATCH 13 
2 1 
3 2 
0.000000000000000   0.000000000000000   0.000000000000000   1.000000000000000   1.000000000000000   1.000000000000000   
0.000000000000000   0.000000000000000   1.000000000000000   1.000000000000000   
0.021531529387007   0.018546427998963   0.015778953310741   0.022250000000000   0.019827408132753   0.017329116232735   
0.037293702862959   0.038434310228382   0.040017980120655   0.038538130468408   0.039838723457677   0.040987214233128   
1.000000000000000   0.997262555105396   1.000000000000000   1.000000000000000   0.998091025507135   1.000000000000000   
PATCH 14 
2 1 
3 2 
0.000000000000000   0.000000000000000   0.000000000000000   1.000000000000000   1.000000000000000   1.000000000000000   
0.000000000000000   0.000000000000000   1.000000000000000   1.000000000000000   
0.015778953310741   0.015667243272857   0.015555408491197   0.017329116232735   0.016299127544329   0.015258952431768   
0.040017980120655   0.040061851156532   0.040105403216919   0.040987214233128   0.041407589175098   0.041802085721708   
1.000000000000000   0.999996107952525   1.000000000000000   1.000000000000000   0.999687516275703   1.000000000000000   
PATCH 15 
2 1 
10 2 
0.000000000000000   0.000000000000000   0.000000000000000   0.125000000000000   0.250000000000000   0.375000000000000   0.500000000000000   0.625000000000000   0.750000000000000   0.875000000000000   1.000000000000000   1.000000000000000   1.000000000000000   
0.000000000000000   0.000000000000000   1.000000000000000   1.000000000000000   
0.015555408491197   0.013652096903257   0.009849610833328   0.005935747432984   0.001988542542703   -0.001988542542703   -0.005935747432984   -0.009849610833328   -0.013652096903257   -0.015555408491197   0.015258952431768   0.013351583377797   0.009536845269855   0.005722107161913   0.001907369053971   -0.001907369053971   -0.005722107161913   -0.009536845269855   -0.013351583377797   -0.015258952431768   
0.040105403216919   0.040591527705601   0.041552908875741   0.042105858319297   0.042503884441951   0.042503884441951   0.042105858319297   0.041552908875741   0.040591527705601   0.040105403216919   0.041802085721708   0.042139325006495   0.042645183933675   0.042982423218461   0.043151042860854   0.043151042860854   0.042982423218461   0.042645183933674   0.042139325006495   0.041802085721708   
1.000000000000000   0.991540918200754   0.978852295501886   0.970393213702640   0.966163672803017   0.966163672803017   0.970393213702640   0.978852295501886   0.991540918200754   1.000000000000000   1.000000000000000   0.992421589105922   0.981053972764806   0.973475561870728   0.969686356423689   0.969686356423689   0.973475561870728   0.981053972764806   0.992421589105922   1.000000000000000   
PATCH 16 
2 1 
3 2 
0.000000000000000   0.000000000000000   0.000000000000000   1.000000000000000   1.000000000000000   1.000000000000000   
0.000000000000000   0.000000000000000   1.000000000000000   1.000000000000000   
-0.015778953310741   -0.015667243272857   -0.015555408491197   -0.017329116232735   -0.016299127544329   -0.015258952431768   
0.040017980120655   0.040061851156532   0.040105403216919   0.040987214233128   0.041407589175098   0.041802085721708   
1.000000000000000   0.999996107952525   1.000000000000000   1.000000000000000   0.999687516275703   1.000000000000000   
PATCH 17 
2 1 
3 2 
0.000000000000000   0.000000000000000   0.000000000000000   1.000000000000000   1.000000000000000   1.000000000000000   
0.000000000000000   0.000000000000000   1.000000000000000   1.000000000000000   
-0.021531529387007   -0.018546427998963   -0.015778953310741   -0.022250000000000   -0.019827408132753   -0.017329116232735   
0.037293702862959   0.038434310228382   0.040017980120655   0.038538130468408   0.039838723457677   0.040987214233128   
1.000000000000000   0.997262555105396   1.000000000000000   1.000000000000000   0.998091025507135   1.000000000000000   
INTERFACE 1 
1 2 
2 3 
1 
INTERFACE 2 
1 3 
9 2 
1 
INTERFACE 3 
1 4 
13 3 
1 
INTERFACE 4 
2 1 
7 3 
1 
INTERFACE 5 
2 2 
14 3 
1 
INTERFACE 6 
2 4 
3 1 
1 
INTERFACE 7 
3 2 
5 4 
1 
INTERFACE 8 
3 3 
4 2 
1 
INTERFACE 9 
3 4 
15 3 
1 
INTERFACE 10 
4 1 
8 2 
1 
INTERFACE 11 
4 3 
7 2 
-1 
INTERFACE 12 
4 4 
12 2 
-1 
INTERFACE 13 
5 1 
12 3 
1 
INTERFACE 14 
5 2 
16 3 
1 
INTERFACE 15 
5 3 
6 2 
1 
INTERFACE 16 
6 3 
11 2 
1 
INTERFACE 17 
6 4 
17 3 
1 
INTERFACE 18 
7 1 
9 4 
-1 
INTERFACE 19 
7 4 
8 3 
1 
INTERFACE 20 
8 1 
10 2 
1 
INTERFACE 21 
8 4 
12 4 
1 
INTERFACE 22 
9 1 
10 3 
1 
INTERFACE 23 
10 4 
11 1 
1 
INTERFACE 24 
11 4 
12 1 
-1 
INTERFACE 25 
13 2 
14 1 
1 
INTERFACE 26 
14 2 
15 1 
1 
INTERFACE 27 
15 2 
16 2 
1 
INTERFACE 28 
16 1 
17 2 
1 
BOUNDARY 1 
1 
1 1 
BOUNDARY 2 
1 
6 1 
BOUNDARY 3 
1 
9 3 
BOUNDARY 4 
1 
10 1 
BOUNDARY 5 
1 
11 3 
BOUNDARY 6 
1 
13 1 
BOUNDARY 7 
1 
13 4 
BOUNDARY 8 
1 
14 4 
BOUNDARY 9 
1 
15 4 
BOUNDARY 10 
1 
16 4 
BOUNDARY 11 
1 
17 1 
BOUNDARY 12 
1 
17 4 
